4838762499
4847429640
4838352905
4836601865
4840181770
4840173582
4838578190
4841039886
4844830741
4838008854
4843532317
4845768741
4842592295
4842049577
4838418482
4845697083
4842793020
4844675131
4836431936
4844304457
4845131852
4844765261
4844728399
4846147665
4845959250
4838899795
4842559571
4840683606
4847417435
4836626532
4842252392
4842117224
4847956075
4846745710
4839514224
4836483186
4844552308
4844122232
4844083328
4846454914
4840968323
4840673412
4846604429
4847730830
4839182477
4848136337
4840614033
4847120539
4844107933
4839043234
4842680483
4847268004
4840822953
4839475373
4838817965
4840577210
4847704259
4837204164
4840466629
4839846086
4837286092
4838064337
4838430931
4844714196
4841269462
4842551512
4843391194
4846538972
4846426332
4838656226
4847831274
4838813931
4837751021
4844634360
4843376889
4836882685
4844620032
4837062923
4845601039
4836397328
4840741138
4838725908
4846272791
4843837719
4839498012
4847057183
4839678242
4836870437
4837177642
4846156074
4836651308
4838949164
4838863149
4839510319
4844775728
4838668599
4846252344
4841443641
4842035517
4845295934
4845898048
4842867017
4840606029
4847792462
4838027607
4842996065
4843692390
4836477291
4840450413
4843809133
4843086190
4845709681
4840497521
4845042035
4840049009
4843964792
4846129528
4847055226
4846012794
4848023929
4847960448
4838050185
4840784267
4842084747
4846842253
4841986446
4837702030
4843387280
4844747152
4846025135
4843518384
4845017521
4844849591
4837732792
4840524219
4846551484
4845763005
4842398144
4836448707
4846653897
4846666187
4839463372
4844734923
4838509007
4846012882
4846367187
4841556435
4841628118
4837779927
4845130202
4845375967
4839510505
4840915435
4841066992
4842666483
4847659507
4845500916
4838664695
4838918648
4843590137
4842091003
4845134333
4844837374
4846877183
4845679105
4836995589
4845971976
4841390603
4847094285
4841939473
4842304030
4845697567
4838576672
4842641953
4840548898
4839008803
4839133734
4843452969
4845720105
4842617385
4848206383
4841640497
4840655410
4848110141
4845785672
4837759563
4842693199
4846629459
4839817814
4848032344
4839873125
4840415845
4841882215
4844374637
4845322863
4845163123
4847536758
4840977014
4838052475
4846656134
4839541387
4846940813
4846686862
4844843662
4843938456
4842003096
4846805658
4847149723
4842228384
4848315043
4845861540
4837593767
4844909232
4839455413
4836577979
4837118651
4846015165
4840374973
4845869757
4847182529
4839367361
4838734529
4845052611
4836747976
4847112908
4844927692
4844913364
4844030693
4848167661
4838832878
4846992113
4842308338
4847782641
4839043826
4843545340
4845353734
4845652753
4842603282
4847616790
4840737560
4845736729
4843762458
4847514400
4847622945
4845835043
4840139557
4847239985
4843582265
4842976059
4846089023
4840452934
4845280075
4845806412
4845558603
4846869328
4847366997
4837784408
4846179160
4844082022
4845460334
4836731763
4838105972
4844024691
4842750839
4845812600
4844819320
4845851516
4836623231
4840004481
4839746437
4840121228
4841859986
4838857622
4847457176
4840090523
4840475549
4840782750
4843113390
4842163123
4836707252
4844747702
4838138810
4837260221
4843414461
4842740671
4843625411
4839250883
4838038471
4840131528
4842912716
4840416209
4846210002
4836502483
4845116376
4842918888
4844162029
4840930286
4843023347
4839609333
4843168759
4845337605
4846220299
4839961611
4837899280
4843234322
4845921299
4843660313
4839762971
4840786972
4839521309
4846822428
4837059612
4842449953
4840029218
4838718501
4836514855
4842601512
4845712431
4846396465
4845831219
4840936501
4839126071
4842667064
4846402616
4848288827
4840576065
4843996226
4839369796
4837057605
4846941253
4844518470
4847764551
4845673545
4840606789
4836467794
4836516953
4836969561
4837639260
4844403807
4838573153
4836914278
4844389484
4837141619
4838855801
4844631168
4845612163
4839599238
4848295051
4840656012
4838995089
4846875800
4839920796
4841073821
4838778016
4839763106
4845540520
4844768426
4843998380
4839697582
4837901487
4838016176
4840074415
4841407667
4841106615
4847183031
4843947199
4840615105
4842968259
4845630661
4837340361
4838931658
4842069196
4840907984
4840168659
4847019221
4845593815
4837334232
4838872284
4843523293
4838761693
4844020970
4841084140
4847523053
4838974703
4846511346
4836730099
4841090293
4842618107
4840262908
4847641851
4846798077
4845614339
4843760901
4847375624
4845331727
4843121939
4838626580
4837031189
4838018323
4843379994
4846077217
4840031523
4841760038
4848280874
4839955759
4846636336
4843756850
4838186295
4846753080
4842601789
4843001151
4840561988
4845958469
4845460810
4847365452
4838638927
4838309202
4839886180
4838925675
4841428335
4836527478
4848225654
4839990651
4846937478
4837956999
4842575240
4842825099
4838118797
4846755217
4848065939
4838839700
4838770072
4844590496
4842943915
4846355888
4846079409
4844844469
4840304054
4838886842
4843654589
4840424896
4839763393
4840631750
4839114183
4846454215
4843271625
4838749646
4845952465
4837279186
4845569500
4846126561
4848162285
4838233584
4840240626
4837039608
4845778430
4846960127
4836443651
4841496067
4845127176
4847830536
4844629518
4837977614
4843896338
4838848018
4844609042
4845854229
4840711705
4844033563
4847525404
4844572189
4846001701
4838907429
4840373799
4847642162
4837760563
4841162292
4837467701
4846001718
4839013943
4837805624
4840427067
4841068093
4844531270
4839173705
4845626955
4840771162
4838241883
4843984478
4846077535
4840054368
4846437992
4841014894
4847545971
4837226100
4845389430
4841184887
4844054136
4846780027
4846388861
4845649534
4840529535
4844594818
4845266565
4843077258
4838766219
4846624397
4843591312
4837922448
4842966687
4844699301
4837588647
4838870696
4843675311
4846651063
4836728504
4837072580
4840795845
4837240518
4842995399
4837207758
4840928976
4837097175
4837844699
4837979868
4842518237
4845739742
4840513249
4840380130
4847040230
4845823719
4842946280
4845287145
4848279276
4838700788
4839980799
4839771904
4842016513
4840828674
4844130052
4844541707
4837535513
4839003934
4843544353
4845762341
4844283690
4847580972
4846178094
4843259694
4838477618
4847978291
4840830776
4838860603
4846251837
4846763842
4845451077
4845774662
4840544075
4846874444
4843450191
4848369489
4847294290
4844621653
4839645014
4848217941
4838567771
4844261215
4847406951
4837883751
4838111088
4846485360
4847910768
4836577143
4838999932
4836759427
4843827078
4848273286
4845950856
4844672905
4845965190
4838113168
4838377372
4840120225
4841121699
4839780262
4847165351
4848039847
4838201258
4842958762
4841529261
4844205998
4843995057
4847568819
4843859892
4844605371
4848000962
4843415491
4840556483
4838930375
4846100429
4838463440
4846538706
4842387414
4837640153
4844541914
4839045082
4844951525
4839731175
4841592808
4843689961
4842129386
4838184939
4846583788
4845713389
4841336814
4845844468
4846184439
4837914619